22
50 5 0 0 1 0
11.0966 25.6207 25.5007 0 1 0
39.7139 46.2413 65.164 -0.5 0.5 -0.707107
65.0509 55.4972 19.3256 -0.707107 -2.98023e-08 0.707107
29.4277 64.7532 -7.80892 0 0.707107 0.707107
0 72.1462 39.8035 0 0.707107 -0.707107
-13.3096 104.334 52.6722 0.5 0.5 -0.707107
-38.568 164.631 39.0196 0.707107 0.707107 0
-37.7915 174.025 18.8707 0 0.707107 -0.707107
-29.4295 65.2865 1.28546 0.707107 0.5 -0.5
-7.51432 54.2299 -23.6253 0 1 0
-15.0286 56.2318 -77.4739 0 0.707107 0.707107
-26.4144 87.3549 -80.746 0 -0.707107 0.707107
-35.8935 107.464 -45.6849 0 -0.707107 -0.707107
-34.6205 47.0178 -23.0053 0.5 0.5 -0.707107
-69.2409 5 -72.1756 0.707107 0.707107 0
10.5957 5 -93.2387 0 1 0
52.3953 5 -82.5372 -0.5 0.5 0.707107
47.3548 5 -42.9828 -0.707107 0.5 -0.5
7.21274 5 -53.2828 0.707107 0.707107 0
45.0903 21.8772 -84.3727 0 0.707107 0.707107
86.1158 5 -86.4023 -0.146447 0.853553 0.5
