17
50 5 0 0 1 0
46.1691 5 104.901 0 1 0
49.7612 44.4279 204.358 0 1 0
35.7341 102.646 330.805 0 1 0
-61.3237 152.756 324.526 0 0.707107 -0.707107
-62.3039 115.817 239.555 0 1 0
-36.2111 166.865 -19.9006 0 0 1
-21.2564 297.399 182.972 0 -1 0
196.602 175.772 381.015 0 0 -1
-25.3966 75.5662 154.839 -0.707107 0.707107 0
-44.9421 -50.1852 79.5431 0 0 1
-18.6858 -100.128 286.015 0 1 0
-74.0303 22.9257 415.03 0 0 -1
-94.5911 65.4223 267.889 0.707107 -0.707107 0
-121.383 34.5251 126.783 0.707107 0.707107 0
-65.2444 5 -15.3574 0 1 0
0 5 -50 0 1 0
