23
145.975 5 115.242 0 1 0
24.5201 5 281.72 0 1 0
-38.8776 -36.9411 360.792 0 1 0
-95.6728 -4.88111 439.215 0 1 0
-139.017 34.3163 503.498 0 1 0
-180.488 -4.33268 519.222 0 1 0
-227.192 -57.737 559.001 0 1 0
-281.474 -42.1289 531.962 0.707107 0.5 -0.5
-265.802 148.937 489.016 0 1 0
-392.62 50.1792 539.204 -0.707107 0.707107 0
-404.345 -144.059 416.842 0 1 0
-431.438 -7.01065 392.844 0 0.707107 0.707107
-467.574 143.581 360.146 0 1 0
-503.711 -1.00532 323.057 -0.707107 0.707107 0
-539.847 -109.707 279.612 0 1 0
-528.197 5 205.73 0 0.707107 0.707107
-349.452 5 165.344 0 0.707107 -0.707107
-498.364 5 24.5366 0.707107 0.707107 0
-205.908 5 48.1194 -0.707107 0.707107 0
-367.991 5 -129.535 0 0.707107 0.707107
-89.9028 5 -227.84 0 0.707107 0.707107
-53.6051 5 11.8924 0.707107 0.707107 0
81.217 5 -106.404 0 0.707107 0.707107
