23
50 5 0 0 1 0
14.1091 5 158.69 0 1 0
-38.3978 5 356.536 0 1 0
-79.9432 5 503.88 0 1 0
-156.64 5 476.025 0 1 0
-185.414 5 632.022 0 1 0
-269.227 5 648.019 0 1 0
-231.161 5 484.443 0 1 0
-303.613 5 479.593 0 1 0
-284.631 5 368.433 0 1 0
-172.102 5 356.276 0 1 0
-133.947 5 195.123 -0.707107 0.707107 0
-195.94 -84.23 162.3 0 1 0
-334.89 -15.9256 181.254 1 0 0
-340.916 260.85 229.13 0 -1 0
-112.591 126.845 214.06 -1 0 0
-445.741 10.1362 97.6793 0 1 0
-537.382 -39.058 213.309 0 1 0
-556.341 51.9541 323.201 0 0.707107 -0.707107
-419.711 157.17 271.744 0 1 0
-286.622 -115.242 296.103 0 1 0
-109.021 132.63 72.457 0 1 0
-31.1199 -19.2089 22.6613 0 1 0
